timeStamp,elapsed,label,responseCode,responseMessage,threadName,dataType,success,failureMessage,bytes,sentBytes,grpThreads,allThreads,URL,Latency,IdleTime,Connect
1728717006652,34,home/wr2-263,200,OK,Thread Group 1-1,text,true,,231,480,1,1,http://o.pki.goog/wr2,34,0,18
1728717006687,15,home/wr2-264,200,OK,Thread Group 1-1,text,true,,231,480,1,1,http://o.pki.goog/wr2,15,0,0
1728717006702,16,home/wr2-266,200,OK,Thread Group 1-1,text,true,,231,477,1,1,http://o.pki.goog/wr2,16,0,0
1728717006718,16,home/wr2-267,200,OK,Thread Group 1-1,text,true,,231,472,1,1,http://o.pki.goog/wr2,16,0,0
1728717006734,428,home/-265,200,OK,Thread Group 1-1,text,true,,175,492,1,1,http://ocsp.digicert.com/,428,0,13
1728717007163,14,home/wr2-268,200,OK,Thread Group 1-1,text,true,,231,480,1,1,http://o.pki.goog/wr2,14,0,0
1728717007178,16,home/wr2-269,200,OK,Thread Group 1-1,text,true,,231,480,1,1,http://o.pki.goog/wr2,16,0,0
1728717007194,16,home/wr2-270,200,OK,Thread Group 1-1,text,true,,231,480,1,1,http://o.pki.goog/wr2,16,0,0
1728717007210,16,home/wr2-271,200,OK,Thread Group 1-1,text,true,,231,480,1,1,http://o.pki.goog/wr2,16,0,0
1728717007226,17,home/wr2-276,200,OK,Thread Group 1-1,text,true,,231,479,1,1,http://o.pki.goog/wr2,17,0,0
1728717007243,15,home/wr2-272,200,OK,Thread Group 1-1,text,true,,231,479,1,1,http://o.pki.goog/wr2,15,0,0
1728717007259,14,home/wr2-275,200,OK,Thread Group 1-1,text,true,,231,479,1,1,http://o.pki.goog/wr2,14,0,0
1728717007273,17,home/wr2-274,200,OK,Thread Group 1-1,text,true,,231,479,1,1,http://o.pki.goog/wr2,17,0,0
1728717007290,14,home/wr2-273,200,OK,Thread Group 1-1,text,true,,231,479,1,1,http://o.pki.goog/wr2,14,0,0
1728717007305,16,home/wr2-277,200,OK,Thread Group 1-1,text,true,,231,479,1,1,http://o.pki.goog/wr2,16,0,0
1728717007322,15,home/wr2-278,200,OK,Thread Group 1-1,text,true,,231,480,1,1,http://o.pki.goog/wr2,15,0,0
1728717007337,16,home/wr2-279,200,OK,Thread Group 1-1,text,true,,231,479,1,1,http://o.pki.goog/wr2,16,0,0
1728717007353,16,home/wr2-280,200,OK,Thread Group 1-1,text,true,,231,475,1,1,http://o.pki.goog/wr2,16,0,0
1728717007369,17,home/wr2-281,200,OK,Thread Group 1-1,text,true,,231,480,1,1,http://o.pki.goog/wr2,17,0,0
1728717007386,16,home/wr2-282,200,OK,Thread Group 1-1,text,true,,231,480,1,1,http://o.pki.goog/wr2,16,0,0
1728717007403,666,home/-283,400,Bad Request,Thread Group 1-1,text,false,,200,485,1,1,http://e5.o.lencr.org/,666,0,18
1728717008070,551,home/-284,400,Bad Request,Thread Group 1-1,text,false,,200,485,1,1,http://e5.o.lencr.org/,551,0,5
1728717008621,313,home/-285,200,OK,Thread Group 1-1,text,true,,280,492,1,1,http://ocsp.sectigo.com/,313,0,8
1728717008934,452,home/-286,200,OK,Thread Group 1-1,text,true,,280,492,1,1,http://ocsp.sectigo.com/,452,0,0
1728717009386,18,electronic/wr2-291,200,OK,Thread Group 1-1,text,true,,231,472,1,1,http://o.pki.goog/wr2,18,0,0
1728717009404,49,electronic/wr2-292,200,OK,Thread Group 1-1,text,true,,231,480,1,1,http://o.pki.goog/wr2,49,0,0
1728717009453,21,electronic/wr2-293,200,OK,Thread Group 1-1,text,true,,231,478,1,1,http://o.pki.goog/wr2,21,0,0
1728717009474,47,electronic/wr2-294,200,OK,Thread Group 1-1,text,true,,231,480,1,1,http://o.pki.goog/wr2,47,0,0
1728717009522,17,electronic/wr2-295,200,OK,Thread Group 1-1,text,true,,231,480,1,1,http://o.pki.goog/wr2,17,0,0
1728717009539,52,electronic/wr2-296,200,OK,Thread Group 1-1,text,true,,231,478,1,1,http://o.pki.goog/wr2,52,0,0
1728717009591,16,electronic/wr2-297,200,OK,Thread Group 1-1,text,true,,231,480,1,1,http://o.pki.goog/wr2,16,0,0
1728717009607,53,electronic/wr2-298,200,OK,Thread Group 1-1,text,true,,231,480,1,1,http://o.pki.goog/wr2,53,0,0
1728717009660,15,electronic/wr2-299,200,OK,Thread Group 1-1,text,true,,231,478,1,1,http://o.pki.goog/wr2,15,0,0
1728717009675,56,electronic/wr2-300,200,OK,Thread Group 1-1,text,true,,231,480,1,1,http://o.pki.goog/wr2,56,0,0
1728717009732,15,home/wr2-263,200,OK,Thread Group 1-1,text,true,,231,480,1,1,http://o.pki.goog/wr2,15,0,0
1728717009747,50,home/wr2-264,200,OK,Thread Group 1-1,text,true,,231,480,1,1,http://o.pki.goog/wr2,49,0,0
1728717009797,15,home/wr2-266,200,OK,Thread Group 1-1,text,true,,231,477,1,1,http://o.pki.goog/wr2,15,0,0
1728717009812,17,home/wr2-267,200,OK,Thread Group 1-1,text,true,,231,472,1,1,http://o.pki.goog/wr2,17,0,0
1728717009829,14,home/-265,200,OK,Thread Group 1-1,text,true,,265,492,1,1,http://ocsp.digicert.com/,14,0,0
1728717009843,16,home/wr2-268,200,OK,Thread Group 1-1,text,true,,231,480,1,1,http://o.pki.goog/wr2,16,0,0
1728717009860,21,home/wr2-269,200,OK,Thread Group 1-1,text,true,,231,480,1,1,http://o.pki.goog/wr2,21,0,0
1728717009881,46,home/wr2-270,200,OK,Thread Group 1-1,text,true,,231,480,1,1,http://o.pki.goog/wr2,46,0,0
1728717009927,18,home/wr2-271,200,OK,Thread Group 1-1,text,true,,231,480,1,1,http://o.pki.goog/wr2,18,0,0
1728717009945,53,home/wr2-276,200,OK,Thread Group 1-1,text,true,,231,479,1,1,http://o.pki.goog/wr2,53,0,0
1728717009998,17,home/wr2-272,200,OK,Thread Group 1-1,text,true,,231,479,1,1,http://o.pki.goog/wr2,17,0,0
1728717010015,50,home/wr2-275,200,OK,Thread Group 1-1,text,true,,231,479,1,1,http://o.pki.goog/wr2,50,0,0
1728717010065,15,home/wr2-274,200,OK,Thread Group 1-1,text,true,,231,479,1,1,http://o.pki.goog/wr2,15,0,0
1728717010080,52,home/wr2-273,200,OK,Thread Group 1-1,text,true,,231,479,1,1,http://o.pki.goog/wr2,52,0,0
1728717010132,17,home/wr2-277,200,OK,Thread Group 1-1,text,true,,231,479,1,1,http://o.pki.goog/wr2,17,0,0
1728717010149,51,home/wr2-278,200,OK,Thread Group 1-1,text,true,,231,480,1,1,http://o.pki.goog/wr2,51,0,0
1728717010200,20,home/wr2-279,200,OK,Thread Group 1-1,text,true,,231,479,1,1,http://o.pki.goog/wr2,20,0,0
1728717010220,50,home/wr2-280,200,OK,Thread Group 1-1,text,true,,231,475,1,1,http://o.pki.goog/wr2,49,0,0
1728717010270,18,home/wr2-281,200,OK,Thread Group 1-1,text,true,,231,480,1,1,http://o.pki.goog/wr2,18,0,0
1728717010289,49,home/wr2-282,200,OK,Thread Group 1-1,text,true,,231,480,1,1,http://o.pki.goog/wr2,49,0,0
1728717010339,549,home/-283,400,Bad Request,Thread Group 1-1,text,false,,200,485,1,1,http://e5.o.lencr.org/,549,0,7
1728717010888,542,home/-284,400,Bad Request,Thread Group 1-1,text,false,,200,485,1,1,http://e5.o.lencr.org/,541,0,7
1728717011430,419,home/-285,200,OK,Thread Group 1-1,text,true,,280,492,1,1,http://ocsp.sectigo.com/,419,0,0
1728717011848,277,home/-286,200,OK,Thread Group 1-1,text,true,,280,492,1,1,http://ocsp.sectigo.com/,277,0,0
1728717012125,16,electronic/wr2-291,200,OK,Thread Group 1-1,text,true,,231,472,1,1,http://o.pki.goog/wr2,16,0,0
1728717012141,17,electronic/wr2-292,200,OK,Thread Group 1-1,text,true,,231,480,1,1,http://o.pki.goog/wr2,17,0,0
1728717012158,15,electronic/wr2-293,200,OK,Thread Group 1-1,text,true,,231,478,1,1,http://o.pki.goog/wr2,15,0,0
1728717012173,16,electronic/wr2-294,200,OK,Thread Group 1-1,text,true,,231,480,1,1,http://o.pki.goog/wr2,16,0,0
1728717012190,13,electronic/wr2-295,200,OK,Thread Group 1-1,text,true,,231,480,1,1,http://o.pki.goog/wr2,13,0,0
1728717012203,17,electronic/wr2-296,200,OK,Thread Group 1-1,text,true,,231,478,1,1,http://o.pki.goog/wr2,17,0,0
1728717012220,15,electronic/wr2-297,200,OK,Thread Group 1-1,text,true,,231,480,1,1,http://o.pki.goog/wr2,15,0,0
1728717012235,14,electronic/wr2-298,200,OK,Thread Group 1-1,text,true,,231,480,1,1,http://o.pki.goog/wr2,14,0,0
1728717012249,17,electronic/wr2-299,200,OK,Thread Group 1-1,text,true,,231,478,1,1,http://o.pki.goog/wr2,17,0,0
1728717012266,16,electronic/wr2-300,200,OK,Thread Group 1-1,text,true,,231,480,1,1,http://o.pki.goog/wr2,16,0,0
1728717012283,16,home/wr2-263,200,OK,Thread Group 1-1,text,true,,231,480,1,1,http://o.pki.goog/wr2,16,0,0
1728717012299,16,home/wr2-264,200,OK,Thread Group 1-1,text,true,,231,480,1,1,http://o.pki.goog/wr2,16,0,0
1728717012316,16,home/wr2-266,200,OK,Thread Group 1-1,text,true,,231,477,1,1,http://o.pki.goog/wr2,16,0,0
1728717012332,18,home/wr2-267,200,OK,Thread Group 1-1,text,true,,231,472,1,1,http://o.pki.goog/wr2,18,0,0
1728717012350,16,home/-265,200,OK,Thread Group 1-1,text,true,,265,492,1,1,http://ocsp.digicert.com/,16,0,0
1728717012366,15,home/wr2-268,200,OK,Thread Group 1-1,text,true,,231,480,1,1,http://o.pki.goog/wr2,15,0,0
1728717012382,18,home/wr2-269,200,OK,Thread Group 1-1,text,true,,231,480,1,1,http://o.pki.goog/wr2,18,0,0
1728717012400,15,home/wr2-270,200,OK,Thread Group 1-1,text,true,,231,480,1,1,http://o.pki.goog/wr2,15,0,0
1728717012416,15,home/wr2-271,200,OK,Thread Group 1-1,text,true,,231,480,1,1,http://o.pki.goog/wr2,15,0,0
1728717012432,16,home/wr2-276,200,OK,Thread Group 1-1,text,true,,231,479,1,1,http://o.pki.goog/wr2,16,0,0
1728717012448,16,home/wr2-272,200,OK,Thread Group 1-1,text,true,,231,479,1,1,http://o.pki.goog/wr2,16,0,0
1728717012464,19,home/wr2-275,200,OK,Thread Group 1-1,text,true,,231,479,1,1,http://o.pki.goog/wr2,19,0,0
1728717012483,16,home/wr2-274,200,OK,Thread Group 1-1,text,true,,231,479,1,1,http://o.pki.goog/wr2,16,0,0
1728717012499,16,home/wr2-273,200,OK,Thread Group 1-1,text,true,,231,479,1,1,http://o.pki.goog/wr2,16,0,0
1728717012515,17,home/wr2-277,200,OK,Thread Group 1-1,text,true,,231,479,1,1,http://o.pki.goog/wr2,17,0,0
1728717012532,16,home/wr2-278,200,OK,Thread Group 1-1,text,true,,231,480,1,1,http://o.pki.goog/wr2,16,0,0
1728717012548,17,home/wr2-279,200,OK,Thread Group 1-1,text,true,,231,479,1,1,http://o.pki.goog/wr2,17,0,0
1728717012565,15,home/wr2-280,200,OK,Thread Group 1-1,text,true,,231,475,1,1,http://o.pki.goog/wr2,15,0,0
1728717012580,15,home/wr2-281,200,OK,Thread Group 1-1,text,true,,231,480,1,1,http://o.pki.goog/wr2,15,0,0
1728717012596,15,home/wr2-282,200,OK,Thread Group 1-1,text,true,,231,480,1,1,http://o.pki.goog/wr2,15,0,0
1728717012612,560,home/-283,400,Bad Request,Thread Group 1-1,text,false,,200,485,1,1,http://e5.o.lencr.org/,559,0,7
1728717013172,537,home/-284,400,Bad Request,Thread Group 1-1,text,false,,200,485,1,1,http://e5.o.lencr.org/,537,0,13
1728717013710,273,home/-285,200,OK,Thread Group 1-1,text,true,,280,492,1,1,http://ocsp.sectigo.com/,273,0,0
1728717013983,274,home/-286,200,OK,Thread Group 1-1,text,true,,280,492,1,1,http://ocsp.sectigo.com/,274,0,0
1728717014258,14,electronic/wr2-291,200,OK,Thread Group 1-1,text,true,,231,472,1,1,http://o.pki.goog/wr2,14,0,0
1728717014272,16,electronic/wr2-292,200,OK,Thread Group 1-1,text,true,,231,480,1,1,http://o.pki.goog/wr2,16,0,0
1728717014288,20,electronic/wr2-293,200,OK,Thread Group 1-1,text,true,,231,478,1,1,http://o.pki.goog/wr2,20,0,0
1728717014308,15,electronic/wr2-294,200,OK,Thread Group 1-1,text,true,,231,480,1,1,http://o.pki.goog/wr2,15,0,0
1728717014323,15,electronic/wr2-295,200,OK,Thread Group 1-1,text,true,,231,480,1,1,http://o.pki.goog/wr2,15,0,0
1728717014338,15,electronic/wr2-296,200,OK,Thread Group 1-1,text,true,,231,478,1,1,http://o.pki.goog/wr2,15,0,0
1728717014353,17,electronic/wr2-297,200,OK,Thread Group 1-1,text,true,,231,480,1,1,http://o.pki.goog/wr2,17,0,0
1728717014370,17,electronic/wr2-298,200,OK,Thread Group 1-1,text,true,,231,480,1,1,http://o.pki.goog/wr2,17,0,0
1728717014387,14,electronic/wr2-299,200,OK,Thread Group 1-1,text,true,,231,478,1,1,http://o.pki.goog/wr2,14,0,0
1728717014401,15,electronic/wr2-300,200,OK,Thread Group 1-1,text,true,,231,480,1,1,http://o.pki.goog/wr2,15,0,0
1728717014417,15,home/wr2-263,200,OK,Thread Group 1-1,text,true,,231,480,1,1,http://o.pki.goog/wr2,15,0,0
1728717014432,16,home/wr2-264,200,OK,Thread Group 1-1,text,true,,231,480,1,1,http://o.pki.goog/wr2,16,0,0
1728717014449,15,home/wr2-266,200,OK,Thread Group 1-1,text,true,,231,477,1,1,http://o.pki.goog/wr2,15,0,0
1728717014464,16,home/wr2-267,200,OK,Thread Group 1-1,text,true,,231,472,1,1,http://o.pki.goog/wr2,16,0,0
1728717014481,19,home/-265,200,OK,Thread Group 1-1,text,true,,265,492,1,1,http://ocsp.digicert.com/,19,0,0
1728717014500,19,home/wr2-268,200,OK,Thread Group 1-1,text,true,,231,480,1,1,http://o.pki.goog/wr2,19,0,0
1728717014519,29,home/wr2-269,200,OK,Thread Group 1-1,text,true,,231,480,1,1,http://o.pki.goog/wr2,29,0,0
1728717014548,17,home/wr2-270,200,OK,Thread Group 1-1,text,true,,231,480,1,1,http://o.pki.goog/wr2,17,0,0
1728717014565,16,home/wr2-271,200,OK,Thread Group 1-1,text,true,,231,480,1,1,http://o.pki.goog/wr2,16,0,0
1728717014581,15,home/wr2-276,200,OK,Thread Group 1-1,text,true,,231,479,1,1,http://o.pki.goog/wr2,15,0,0
1728717014596,17,home/wr2-272,200,OK,Thread Group 1-1,text,true,,231,479,1,1,http://o.pki.goog/wr2,17,0,0
1728717014614,16,home/wr2-275,200,OK,Thread Group 1-1,text,true,,231,479,1,1,http://o.pki.goog/wr2,16,0,0
1728717014631,16,home/wr2-274,200,OK,Thread Group 1-1,text,true,,231,479,1,1,http://o.pki.goog/wr2,16,0,0
1728717014647,16,home/wr2-273,200,OK,Thread Group 1-1,text,true,,231,479,1,1,http://o.pki.goog/wr2,16,0,0
1728717014663,16,home/wr2-277,200,OK,Thread Group 1-1,text,true,,231,479,1,1,http://o.pki.goog/wr2,16,0,0
1728717014679,16,home/wr2-278,200,OK,Thread Group 1-1,text,true,,231,480,1,1,http://o.pki.goog/wr2,16,0,0
1728717014696,21,home/wr2-279,200,OK,Thread Group 1-1,text,true,,231,479,1,1,http://o.pki.goog/wr2,21,0,0
1728717014717,18,home/wr2-280,200,OK,Thread Group 1-1,text,true,,231,475,1,1,http://o.pki.goog/wr2,18,0,0
1728717014735,16,home/wr2-281,200,OK,Thread Group 1-1,text,true,,231,480,1,1,http://o.pki.goog/wr2,16,0,0
1728717014751,14,home/wr2-282,200,OK,Thread Group 1-1,text,true,,231,480,1,1,http://o.pki.goog/wr2,14,0,0
1728717014765,536,home/-283,400,Bad Request,Thread Group 1-1,text,false,,200,485,1,1,http://e5.o.lencr.org/,536,0,8
1728717015302,540,home/-284,400,Bad Request,Thread Group 1-1,text,false,,200,485,1,1,http://e5.o.lencr.org/,540,0,6
1728717015843,271,home/-285,200,OK,Thread Group 1-1,text,true,,280,492,1,1,http://ocsp.sectigo.com/,271,0,0
1728717016114,273,home/-286,200,OK,Thread Group 1-1,text,true,,280,492,1,1,http://ocsp.sectigo.com/,273,0,0
1728717016387,20,electronic/wr2-291,200,OK,Thread Group 1-1,text,true,,231,472,1,1,http://o.pki.goog/wr2,20,0,0
1728717016408,15,electronic/wr2-292,200,OK,Thread Group 1-1,text,true,,231,480,1,1,http://o.pki.goog/wr2,15,0,0
1728717016424,19,electronic/wr2-293,200,OK,Thread Group 1-1,text,true,,231,478,1,1,http://o.pki.goog/wr2,19,0,0
1728717016443,15,electronic/wr2-294,200,OK,Thread Group 1-1,text,true,,231,480,1,1,http://o.pki.goog/wr2,15,0,0
1728717016458,13,electronic/wr2-295,200,OK,Thread Group 1-1,text,true,,231,480,1,1,http://o.pki.goog/wr2,13,0,0
1728717016472,16,electronic/wr2-296,200,OK,Thread Group 1-1,text,true,,231,478,1,1,http://o.pki.goog/wr2,16,0,0
1728717016488,14,electronic/wr2-297,200,OK,Thread Group 1-1,text,true,,231,480,1,1,http://o.pki.goog/wr2,14,0,0
1728717016502,16,electronic/wr2-298,200,OK,Thread Group 1-1,text,true,,231,480,1,1,http://o.pki.goog/wr2,16,0,0
1728717016519,15,electronic/wr2-299,200,OK,Thread Group 1-1,text,true,,231,478,1,1,http://o.pki.goog/wr2,15,0,0
1728717016534,21,electronic/wr2-300,200,OK,Thread Group 1-1,text,true,,231,480,1,1,http://o.pki.goog/wr2,21,0,0
1728717016555,16,home/wr2-263,200,OK,Thread Group 1-1,text,true,,231,480,1,1,http://o.pki.goog/wr2,16,0,0
1728717016571,17,home/wr2-264,200,OK,Thread Group 1-1,text,true,,231,480,1,1,http://o.pki.goog/wr2,17,0,0
1728717016588,18,home/wr2-266,200,OK,Thread Group 1-1,text,true,,231,477,1,1,http://o.pki.goog/wr2,18,0,0
1728717016606,22,home/wr2-267,200,OK,Thread Group 1-1,text,true,,231,472,1,1,http://o.pki.goog/wr2,22,0,0
1728717016628,19,home/-265,200,OK,Thread Group 1-1,text,true,,265,492,1,1,http://ocsp.digicert.com/,19,0,0
1728717016647,16,home/wr2-268,200,OK,Thread Group 1-1,text,true,,231,480,1,1,http://o.pki.goog/wr2,16,0,0
1728717016663,16,home/wr2-269,200,OK,Thread Group 1-1,text,true,,231,480,1,1,http://o.pki.goog/wr2,16,0,0
1728717016679,19,home/wr2-270,200,OK,Thread Group 1-1,text,true,,231,480,1,1,http://o.pki.goog/wr2,19,0,0
1728717016698,18,home/wr2-271,200,OK,Thread Group 1-1,text,true,,231,480,1,1,http://o.pki.goog/wr2,18,0,0
1728717016716,16,home/wr2-276,200,OK,Thread Group 1-1,text,true,,231,479,1,1,http://o.pki.goog/wr2,16,0,0
1728717016732,16,home/wr2-272,200,OK,Thread Group 1-1,text,true,,231,479,1,1,http://o.pki.goog/wr2,16,0,0
1728717016748,15,home/wr2-275,200,OK,Thread Group 1-1,text,true,,231,479,1,1,http://o.pki.goog/wr2,15,0,0
1728717016763,15,home/wr2-274,200,OK,Thread Group 1-1,text,true,,231,479,1,1,http://o.pki.goog/wr2,15,0,0
1728717016778,18,home/wr2-273,200,OK,Thread Group 1-1,text,true,,231,479,1,1,http://o.pki.goog/wr2,18,0,0
1728717016796,15,home/wr2-277,200,OK,Thread Group 1-1,text,true,,231,479,1,1,http://o.pki.goog/wr2,15,0,0
1728717016811,15,home/wr2-278,200,OK,Thread Group 1-1,text,true,,231,480,1,1,http://o.pki.goog/wr2,15,0,0
1728717016826,19,home/wr2-279,200,OK,Thread Group 1-1,text,true,,231,479,1,1,http://o.pki.goog/wr2,19,0,0
1728717016845,16,home/wr2-280,200,OK,Thread Group 1-1,text,true,,231,475,1,1,http://o.pki.goog/wr2,16,0,0
1728717016861,16,home/wr2-281,200,OK,Thread Group 1-1,text,true,,231,480,1,1,http://o.pki.goog/wr2,16,0,0
1728717016877,20,home/wr2-282,200,OK,Thread Group 1-1,text,true,,231,480,1,1,http://o.pki.goog/wr2,20,0,0
1728717016897,559,home/-283,400,Bad Request,Thread Group 1-1,text,false,,200,485,1,1,http://e5.o.lencr.org/,559,0,9
1728717017456,557,home/-284,400,Bad Request,Thread Group 1-1,text,false,,200,485,1,1,http://e5.o.lencr.org/,556,0,8
1728717018013,285,home/-285,200,OK,Thread Group 1-1,text,true,,280,492,1,1,http://ocsp.sectigo.com/,285,0,0
1728717018298,271,home/-286,200,OK,Thread Group 1-1,text,true,,280,492,1,1,http://ocsp.sectigo.com/,270,0,0
1728717018569,16,electronic/wr2-291,200,OK,Thread Group 1-1,text,true,,231,472,1,1,http://o.pki.goog/wr2,16,0,0
1728717018585,16,electronic/wr2-292,200,OK,Thread Group 1-1,text,true,,231,480,1,1,http://o.pki.goog/wr2,16,0,0
1728717018601,20,electronic/wr2-293,200,OK,Thread Group 1-1,text,true,,231,478,1,1,http://o.pki.goog/wr2,20,0,0
1728717018621,17,electronic/wr2-294,200,OK,Thread Group 1-1,text,true,,231,480,1,1,http://o.pki.goog/wr2,17,0,0
1728717018638,16,electronic/wr2-295,200,OK,Thread Group 1-1,text,true,,231,480,1,1,http://o.pki.goog/wr2,16,0,0
1728717018654,14,electronic/wr2-296,200,OK,Thread Group 1-1,text,true,,231,478,1,1,http://o.pki.goog/wr2,14,0,0
1728717018668,17,electronic/wr2-297,200,OK,Thread Group 1-1,text,true,,231,480,1,1,http://o.pki.goog/wr2,17,0,0
1728717018685,17,electronic/wr2-298,200,OK,Thread Group 1-1,text,true,,231,480,1,1,http://o.pki.goog/wr2,17,0,0
1728717018702,17,electronic/wr2-299,200,OK,Thread Group 1-1,text,true,,231,478,1,1,http://o.pki.goog/wr2,17,0,0
1728717018719,15,electronic/wr2-300,200,OK,Thread Group 1-1,text,true,,231,480,1,1,http://o.pki.goog/wr2,15,0,0
